30
0 50 46 14 39 28 46 18 60 27 35 53 38 44 62 38 19 43 37 44 35 39 39 38 49 49 39 41 49 27
50 0 97 61 54 75 8 44 30 77 77 95 86 57 91 88 51 9 30 13 78 65 55 54 35 96 89 65 13 43
46 97 0 37 70 27 92 59 102 23 39 36 25 74 62 9 54 90 78 90 37 61 70 66 89 29 11 64 95 64
14 61 37 0 52 14 58 32 65 24 39 39 37 57 50 29 32 55 41 57 39 49 52 34 52 48 32 51 61 27
39 54 70 52 0 63 46 22 79 48 34 90 48 5 101 63 20 45 62 42 36 13 1 74 75 54 59 12 44 61
28 75 27 14 63 0 72 45 76 24 43 26 37 68 43 21 44 69 53 71 43 58 64 39 62 46 26 61 76 37
46 8 92 58 46 72 0 37 38 71 70 94 80 48 92 84 44 3 32 4 71 57 46 56 40 89 84 57 6 44
18 44 59 32 22 45 37 0 63 36 33 71 43 27 79 50 7 35 42 34 34 26 22 52 56 53 49 27 38 39
60 30 102 65 79 76 38 63 0 87 94 90 99 83 76 95 70 37 24 42 94 88 80 42 15 110 97 88 43 39
27 77 23 24 48 24 71 36 87 0 20 47 14 52 66 15 31 69 63 69 19 39 48 57 75 25 13 42 74 51
35 77 39 39 34 43 70 33 94 20 0 67 15 37 86 33 26 68 71 67 2 22 34 72 84 20 28 25 71 62
53 95 36 39 90 26 94 71 90 47 67 0 57 94 28 37 70 91 69 94 66 84 90 48 74 64 43 87 98 53
38 86 25 37 48 37 80 43 99 14 15 57 0 52 79 21 37 78 75 77 13 37 48 71 87 11 15 40 81 64
44 57 74 57 5 68 48 27 83 52 37 94 52 0 106 67 25 48 66 44 39 15 5 79 79 57 63 13 46 66
62 91 62 50 101 43 92 79 76 66 86 28 79 106 0 60 81 89 61 93 85 99 101 37 61 88 66 101 97 48
38 88 9 29 63 21 84 50 95 15 33 37 21 67 60 0 46 81 71 82 32 54 63 60 81 28 6 57 87 56
19 51 54 32 20 44 44 7 70 31 26 70 37 25 81 46 0 42 49 41 27 20 20 56 62 46 44 22 45 44
43 9 90 55 45 69 3 35 37 69 68 91 78 48 89 81 42 0 30 5 70 56 46 53 38 87 81 56 9 41
37 30 78 41 62 53 32 42 24 63 71 69 75 66 61 71 49 30 0 35 72 68 62 25 13 86 73 69 38 16
44 13 90 57 42 71 4 34 42 69 67 94 77 44 93 82 41 5 35 0 68 53 42 57 44 87 82 53 5 45
35 78 37 39 36 43 71 34 94 19 2 66 13 39 85 32 27 70 72 68 0 24 36 72 85 19 27 27 72 62
39 65 61 49 13 58 57 26 88 39 22 84 37 15 99 54 20 56 68 53 24 0 13 76 81 42 50 3 56 64
39 55 70 52 1 64 46 22 80 48 34 90 48 5 101 63 20 46 62 42 36 13 0 75 75 54 59 11 44 62
38 54 66 34 74 39 56 52 42 57 72 48 71 79 37 60 56 53 25 57 72 76 75 0 27 82 64 78 62 14
49 35 89 52 75 62 40 56 15 75 84 74 87 79 61 81 62 38 13 44 85 81 75 27 0 99 84 82 47 25
49 96 29 48 54 46 89 53 110 25 20 64 11 57 88 28 46 87 86 87 19 42 54 82 99 0 22 44 90 75
39 89 11 32 59 26 84 49 97 13 28 43 15 63 66 6 44 81 73 82 27 50 59 64 84 22 0 53 86 59
41 65 64 51 12 61 57 27 88 42 25 87 40 13 101 57 22 56 69 53 27 3 11 78 82 44 53 0 55 66
49 13 95 61 44 76 6 38 43 74 71 98 81 46 97 87 45 9 38 5 72 56 44 62 47 90 86 55 0 49
27 43 64 27 61 37 44 39 39 51 62 53 64 66 48 56 44 41 16 45 62 64 62 14 25 75 59 66 49 0
0 0 1994 0
1 822 968 1
2 447 593 2
3 74 220 1
4 1599 1745 2
5 348 494 3
6 544 690 3
7 762 908 2
8 714 860 2
9 1273 1419 3
10 1632 1778 1
11 1510 1656 3
12 133 279 3
13 185 331 1
14 369 515 1
15 70 216 3
16 1090 1236 3
17 1353 1499 3
18 1320 1466 1
19 0 128 3
20 608 754 2
21 1119 1265 2
22 1204 1350 3
23 1714 1860 2
24 1026 1172 3
25 930 1076 1
26 305 451 2
27 1409 1555 1
28 1160 1306 1
29 253 399 2
