30
0 24 18 47 44 45 7 64 45 46 30 43 38 37 59 59 35 55 44 47 23 35 45 37 54 18 33 38 49 29
24 0 43 64 20 63 27 88 32 70 46 67 48 13 38 56 59 79 61 55 9 34 23 48 78 43 41 45 40 22
18 43 0 39 62 38 19 46 59 30 29 27 39 55 75 68 17 36 35 49 41 46 63 39 38 1 37 43 62 43
47 64 39 0 79 1 40 45 91 27 18 25 78 71 102 50 43 47 73 25 67 41 76 21 31 39 76 28 96 75
44 20 62 79 0 77 45 107 37 88 61 85 64 8 32 57 79 98 80 64 26 42 8 60 96 62 57 55 46 35
45 63 38 1 77 0 39 46 90 27 17 25 77 69 101 49 43 47 72 24 66 40 74 20 31 38 74 27 95 74
7 27 19 40 45 39 0 62 51 43 23 40 45 37 63 53 36 54 49 39 28 29 45 29 51 19 40 31 56 35
64 88 46 45 107 46 62 0 104 21 54 24 74 99 121 94 32 14 58 69 86 79 107 62 15 46 76 70 104 88
45 32 59 91 37 90 51 104 0 90 74 87 38 38 20 88 72 92 59 86 25 66 44 78 97 60 32 76 10 16
46 70 30 27 88 27 43 21 90 0 33 3 66 80 105 74 23 21 54 49 70 59 87 42 8 30 66 49 92 73
30 46 29 18 61 17 23 54 74 33 0 30 65 53 84 42 39 51 64 21 50 26 58 10 40 29 61 17 79 58
43 67 27 25 85 25 40 24 87 3 30 0 64 77 102 71 22 22 53 47 66 56 84 39 11 27 63 47 89 71
38 48 39 78 64 77 45 74 38 66 65 64 0 60 59 96 44 61 21 84 39 72 69 74 72 39 7 76 34 30
37 13 55 71 8 69 37 99 38 80 53 77 60 0 37 52 72 91 75 57 21 34 9 52 88 55 53 47 47 33
59 38 75 102 32 101 63 121 20 105 84 102 59 37 0 89 90 110 79 93 36 71 39 86 113 75 53 82 27 33
59 56 68 50 57 49 53 94 88 74 42 71 96 52 89 0 81 93 102 25 65 24 51 33 80 68 90 26 96 77
35 59 17 43 79 43 36 32 72 23 39 22 44 72 90 81 0 20 31 60 56 61 80 50 28 17 45 56 73 57
55 79 36 47 98 47 54 14 92 21 51 22 61 91 110 93 20 0 44 69 76 75 99 61 19 36 63 68 92 77
44 61 35 73 80 72 49 58 59 54 64 53 21 75 79 102 31 44 0 85 54 78 84 74 59 35 26 78 55 48
47 55 49 25 64 24 39 69 86 49 21 47 84 57 93 25 60 69 85 0 61 23 59 11 55 49 79 10 93 72
23 9 41 67 26 66 28 86 25 70 50 66 39 21 36 65 56 76 54 61 0 42 30 53 77 41 32 51 32 13
35 34 46 41 42 40 29 79 66 59 26 56 72 34 71 24 61 75 78 23 42 0 37 20 66 45 66 13 74 54
45 23 63 76 8 74 45 107 44 87 58 84 69 9 39 51 80 99 84 59 30 37 0 56 95 63 62 50 54 41
37 48 39 21 60 20 29 62 78 42 10 39 74 52 86 33 50 61 74 11 53 20 56 0 48 38 69 8 84 63
54 78 38 31 96 31 51 15 97 8 40 11 72 88 113 80 28 19 59 55 77 66 95 48 0 37 72 56 99 81
18 43 1 39 62 38 19 46 60 30 29 27 39 55 75 68 17 36 35 49 41 45 63 38 37 0 37 43 62 43
33 41 37 76 57 74 40 76 32 66 61 63 7 53 53 90 45 63 26 79 32 66 62 69 72 37 0 70 30 22
38 45 43 28 55 27 31 70 76 49 17 47 76 47 82 26 56 68 78 10 51 13 50 8 56 43 70 0 83 62
49 40 62 96 46 95 56 104 10 92 79 89 34 47 27 96 73 92 55 93 32 74 54 84 99 62 30 83 0 21
29 22 43 75 35 74 35 88 16 73 58 71 30 33 33 77 57 77 48 72 13 54 41 63 81 43 22 62 21 0
0 0 1875 0
1 680 816 3
2 1213 1349 1
3 831 967 2
4 230 366 3
5 391 527 2
6 1010 1146 2
7 868 1004 2
8 488 624 3
9 1049 1185 2
10 1187 1323 2
11 135 271 2
12 319 455 3
13 0 95 3
14 1469 1605 3
15 632 768 2
16 57 193 1
17 891 1027 3
18 743 879 3
19 1285 1421 3
20 1119 1255 3
21 971 1107 2
22 579 715 2
23 103 239 2
24 1578 1714 3
25 1403 1539 1
26 517 653 2
27 1169 1305 2
28 281 417 2
29 1360 1496 3
