30
0 33 52 26 32 32 43 43 51 44 22 41 40 20 28 48 19 36 43 45 42 44 8 25 44 34 45 30 55 16
33 0 30 10 63 19 74 69 78 69 37 49 22 34 55 68 14 16 11 68 54 41 26 24 13 66 74 4 81 19
52 30 0 39 83 20 95 72 82 72 65 41 50 61 63 96 35 17 25 69 47 70 48 53 21 79 97 29 106 37
26 10 39 0 55 25 65 66 75 67 27 51 17 24 51 58 11 23 21 66 55 32 18 14 23 60 65 10 71 16
32 63 83 55 0 64 11 44 47 45 34 63 64 36 33 34 51 68 74 49 60 58 38 48 76 21 17 61 29 47
32 19 20 25 64 0 75 56 66 57 47 31 40 43 46 77 17 6 22 55 37 57 29 37 20 60 78 16 87 17
43 74 95 65 11 75 0 51 52 52 42 73 73 45 42 34 62 79 85 56 70 65 48 57 86 27 10 71 23 58
43 69 72 66 44 56 51 0 10 1 62 34 82 62 15 77 56 62 77 5 28 87 50 68 76 24 60 65 73 50
51 78 82 75 47 66 52 10 0 9 69 43 91 70 24 81 65 72 87 13 37 94 59 77 86 26 62 74 75 59
44 69 72 67 45 57 52 1 9 0 63 34 83 63 17 79 56 63 78 5 28 88 51 69 77 25 61 65 74 51
22 37 65 27 34 47 42 62 69 63 0 63 31 4 47 31 30 48 48 65 64 25 19 15 50 47 39 36 44 30
41 49 41 51 63 31 73 34 43 34 63 0 68 61 32 89 40 37 53 30 7 81 44 60 51 50 80 45 91 36
40 22 50 17 64 40 73 82 91 83 31 68 0 28 67 57 28 37 27 83 72 21 32 16 31 73 70 24 74 33
20 34 61 24 36 43 45 62 70 63 4 61 28 0 47 35 26 44 44 64 62 25 17 12 47 48 43 33 48 27
28 55 63 51 33 46 42 15 24 17 47 32 67 47 0 64 42 51 64 18 28 71 35 53 64 18 50 51 63 36
48 68 96 58 34 77 34 77 81 79 31 89 57 35 64 0 61 79 78 82 88 41 49 45 81 55 25 67 20 60
19 14 35 11 51 17 62 56 65 56 30 40 28 26 42 61 0 18 24 56 44 42 13 21 25 52 63 10 71 6
36 16 17 23 68 6 79 62 72 63 48 37 37 44 51 79 18 0 16 61 43 56 31 37 14 65 81 13 89 20
43 11 25 21 74 22 85 77 87 78 48 53 27 44 64 78 24 16 0 76 59 47 37 34 4 76 85 14 92 29
45 68 69 66 49 55 56 5 13 5 65 30 83 64 18 82 56 61 76 0 24 89 52 70 75 29 65 64 78 50
42 54 47 55 60 37 70 28 37 28 64 7 72 62 28 88 44 43 59 24 0 84 46 63 57 45 77 50 89 39
44 41 70 32 58 57 65 87 94 88 25 81 21 25 71 41 42 56 47 89 84 0 38 21 51 73 59 42 60 45
8 26 48 18 38 29 48 50 59 51 19 44 32 17 35 49 13 31 37 52 46 38 0 18 38 42 50 23 58 11
25 24 53 14 48 37 57 68 77 69 15 60 16 12 53 45 21 37 34 70 63 21 18 0 36 57 55 24 60 24
44 13 21 23 76 20 86 76 86 77 50 51 31 47 64 81 25 14 4 75 57 51 38 36 0 77 87 15 94 29
34 66 79 60 21 60 27 24 26 25 47 50 73 48 18 55 52 65 76 29 45 73 42 57 77 0 36 63 49 47
45 74 97 65 17 78 10 60 62 61 39 80 70 43 50 25 63 81 85 65 77 59 50 55 87 36 0 72 13 60
30 4 29 10 61 16 71 65 74 65 36 45 24 33 51 67 10 13 14 64 50 42 23 24 15 63 72 0 80 15
55 81 106 71 29 87 23 73 75 74 44 91 74 48 63 20 71 89 92 78 89 60 58 60 94 49 13 80 0 69
16 19 37 16 47 17 58 50 59 51 30 36 33 27 36 60 6 20 29 50 39 45 11 24 29 47 60 15 69 0
0 0 1629 0
1 761 881 1
2 589 709 1
3 1151 1271 2
4 0 80 1
5 425 545 3
6 1079 1199 1
7 694 814 1
8 1239 1359 2
9 825 945 2
10 180 300 2
11 234 354 2
12 934 1054 2
13 534 654 1
14 475 595 2
15 351 471 2
16 1141 1261 3
17 894 1014 2
18 110 230 1
19 27 147 3
20 1199 1319 2
21 1378 1498 3
22 645 765 3
23 1393 1513 1
24 114 234 1
25 1048 1168 2
26 1010 1130 1
27 283 403 3
28 1311 1431 1
29 138 258 2
