30
0 48 38 46 49 50 17 16 37 38 39 20 10 65 47 50 47 44 44 47 36 49 23 33 25 19 17 36 24 51
48 0 48 36 96 95 59 37 65 12 16 64 49 110 94 47 12 73 90 1 36 96 50 42 38 46 38 13 26 99
38 48 0 68 65 61 32 25 20 38 50 35 47 73 63 13 55 28 57 47 61 80 16 62 15 19 23 43 29 76
46 36 68 0 92 94 62 46 78 36 21 66 38 109 91 74 24 86 89 34 10 81 62 16 54 56 48 29 39 88
49 96 65 92 0 8 38 59 48 85 88 33 54 18 2 78 96 45 8 96 82 31 51 77 63 54 59 85 71 18
50 95 61 94 8 0 36 58 42 84 88 32 56 15 7 73 96 38 6 95 84 39 48 80 60 51 57 84 70 27
17 59 32 62 38 36 0 22 23 48 52 5 26 51 36 45 60 28 31 58 52 48 16 50 25 16 21 48 33 45
16 37 25 46 59 58 22 0 32 26 32 26 23 72 57 35 39 40 53 37 38 64 16 38 10 10 2 27 12 64
37 65 20 78 48 42 23 32 0 53 63 24 47 53 45 32 70 9 39 64 69 68 16 68 27 22 30 57 41 61
38 12 38 36 85 84 48 26 53 0 15 52 39 98 83 40 17 62 79 11 33 87 39 38 27 34 27 7 14 88
39 16 50 21 88 88 52 32 63 15 0 57 36 103 86 54 9 72 83 15 20 84 48 26 37 42 34 8 22 88
20 64 35 66 33 32 5 26 24 52 57 0 29 46 31 48 65 27 27 63 56 45 19 53 29 20 26 53 38 41
10 49 47 38 54 56 26 23 47 39 36 29 0 71 52 58 45 54 50 47 28 48 34 24 33 29 24 36 28 52
65 110 73 109 18 15 51 72 53 98 103 46 71 0 19 85 111 48 21 109 99 47 61 95 74 65 72 99 84 34
47 94 63 91 2 7 36 57 45 83 86 31 52 19 0 76 94 43 6 94 80 32 49 76 60 51 57 83 69 20
50 47 13 74 78 73 45 35 32 40 54 48 58 85 76 0 57 38 70 48 68 93 30 71 25 31 34 46 36 89
47 12 55 24 96 96 60 39 70 17 9 65 45 111 94 57 0 78 91 11 26 92 54 33 43 49 41 13 28 96
44 73 28 86 45 38 28 40 9 62 72 27 54 48 43 38 78 0 37 73 77 68 24 76 35 30 39 66 50 60
44 90 57 89 8 6 31 53 39 79 83 27 50 21 6 70 91 37 0 89 78 36 44 74 55 46 52 79 64 25
47 1 47 34 96 95 58 37 64 11 15 63 47 109 94 48 11 73 89 0 35 95 50 40 38 45 38 12 25 98
36 36 61 10 82 84 52 38 69 33 20 56 28 99 80 68 26 77 78 35 0 71 53 7 46 47 40 26 32 78
49 96 80 81 31 39 48 64 68 87 84 45 48 47 32 93 92 68 36 95 71 0 64 65 72 63 65 84 73 13
23 50 16 62 51 48 16 16 16 39 48 19 34 61 49 30 54 24 44 50 53 64 0 53 12 6 14 42 26 60
33 42 62 16 77 80 50 38 68 38 26 53 24 95 76 71 33 76 74 40 7 65 53 0 47 47 40 31 35 72
25 38 15 54 63 60 25 10 27 27 37 29 33 74 60 25 43 35 55 38 46 72 12 47 0 9 9 30 15 70
19 46 19 56 54 51 16 10 22 34 42 20 29 65 51 31 49 30 46 45 47 63 6 47 9 0 8 36 20 61
17 38 23 48 59 57 21 2 30 27 34 26 24 72 57 34 41 39 52 38 40 65 14 40 9 8 0 28 13 64
36 13 43 29 85 84 48 27 57 7 8 53 36 99 83 46 13 66 79 12 26 84 42 31 30 36 28 0 16 87
24 26 29 39 71 70 33 12 41 14 22 38 28 84 69 36 28 50 64 25 32 73 26 35 15 20 13 16 0 74
51 99 76 88 18 27 45 64 61 88 88 41 52 34 20 89 96 60 25 98 78 13 60 72 70 61 64 87 74 0
0 0 1584 0
1 417 533 1
2 1024 1140 1
3 123 239 3
4 727 843 2
5 1334 1450 1
6 1078 1194 2
7 1201 1317 2
8 228 344 1
9 162 278 2
10 1126 1242 2
11 1174 1290 3
12 993 1109 1
13 531 647 2
14 931 1047 1
15 373 489 3
16 303 419 2
17 234 350 1
18 17 133 2
19 147 263 3
20 824 940 1
21 582 698 3
22 0 70 2
23 1246 1362 2
24 663 779 3
25 65 181 2
26 1207 1323 1
27 858 974 1
28 443 559 3
29 598 714 2
