30
0 15 17 54 46 9 12 40 48 56 49 19 34 45 52 15 13 4 45 20 46 39 20 55 27 48 50 21 19 34
15 0 23 61 33 24 5 32 56 62 59 29 46 59 46 30 21 15 34 27 34 51 24 47 23 51 64 29 19 48
17 23 0 38 56 18 24 55 64 39 63 34 25 52 67 23 5 21 39 4 58 30 3 69 15 65 48 37 36 40
54 61 38 0 93 49 62 93 93 9 89 66 26 65 105 50 41 57 63 34 95 27 37 107 43 100 45 71 73 58
46 33 56 93 0 55 35 19 67 92 73 52 79 85 29 60 54 44 44 60 6 84 56 25 51 51 96 47 34 76
9 24 18 49 55 0 21 47 47 53 45 17 27 37 58 6 13 11 52 19 55 31 21 62 31 50 41 21 25 25
12 5 24 62 35 21 0 31 52 63 54 24 44 55 44 26 20 11 39 27 35 50 25 46 26 46 61 24 15 44
40 32 55 93 19 47 31 0 49 94 56 39 74 72 14 51 51 37 56 58 14 79 56 15 55 32 86 34 23 64
48 56 64 93 67 47 52 49 0 99 10 30 67 39 47 44 60 46 90 65 62 69 67 55 75 20 64 28 39 39
56 62 39 9 92 53 63 94 99 0 95 71 33 73 107 55 44 60 59 36 95 35 38 108 41 103 54 75 75 65
49 59 63 89 73 45 54 56 10 95 0 30 63 31 56 41 58 46 92 63 69 64 66 63 75 29 56 30 42 32
19 29 34 66 52 17 24 39 30 71 30 0 42 34 46 16 30 16 62 36 50 45 37 52 45 34 48 6 18 25
34 46 25 26 79 27 44 74 67 33 63 42 0 40 85 25 25 37 62 21 80 6 26 88 38 75 25 47 52 31
45 59 52 65 85 37 55 72 39 73 31 34 40 0 77 31 48 45 89 50 83 39 55 83 67 56 26 38 51 12
52 46 67 105 29 58 44 14 47 107 56 46 85 77 0 61 64 49 70 71 23 89 69 8 69 28 95 41 33 70
15 30 23 50 60 6 26 51 44 55 41 16 25 31 61 0 18 16 58 22 59 29 26 65 37 50 36 22 29 19
13 21 5 41 54 13 20 51 60 44 58 30 25 48 64 18 0 16 41 7 55 31 8 66 18 61 46 33 32 37
4 15 21 57 44 11 11 37 46 60 46 16 37 45 49 16 16 0 47 23 44 41 23 52 30 45 51 17 16 33
45 34 39 63 44 52 39 56 90 59 92 62 62 89 70 58 41 47 0 42 50 68 36 68 24 82 86 62 52 77
20 27 4 34 60 19 27 58 65 36 63 36 21 50 71 22 7 23 42 0 62 26 6 73 18 68 44 39 39 39
46 34 58 95 6 55 35 14 62 95 69 50 80 83 23 59 55 44 50 62 0 85 58 18 54 46 95 45 32 74
39 51 30 27 84 31 50 79 69 35 64 45 6 39 89 29 31 41 68 26 85 0 32 93 43 78 21 50 57 32
20 24 3 37 56 21 25 56 67 38 66 37 26 55 69 26 8 23 36 6 58 32 0 70 12 68 50 40 38 44
55 47 69 107 25 62 46 15 55 108 63 52 88 83 8 65 66 52 68 73 18 93 70 0 69 36 100 46 37 76
27 23 15 43 51 31 26 55 75 41 75 45 38 67 69 37 18 30 24 18 54 43 12 69 0 73 62 47 41 55
48 51 65 100 51 50 46 32 20 103 29 34 75 56 28 50 61 45 82 68 46 78 68 36 73 0 78 29 32 52
50 64 48 45 96 41 61 86 64 54 56 48 25 26 95 36 46 51 86 44 95 21 50 100 62 78 0 54 64 26
21 29 37 71 47 21 24 34 28 75 30 6 47 38 41 22 33 17 62 39 45 50 40 46 47 29 54 0 14 30
19 19 36 73 34 25 15 23 39 75 42 18 52 51 33 29 32 16 52 39 32 57 38 37 41 32 64 14 0 42
34 48 40 58 76 25 44 64 39 65 32 25 31 12 70 19 37 33 77 39 74 32 44 76 55 52 26 30 42 0
0 0 1584 0
1 0 76 3
2 425 541 1
3 15 131 3
4 124 240 3
5 251 367 3
6 398 514 1
7 1092 1208 1
8 353 469 2
9 611 727 3
10 885 1001 3
11 1365 1481 2
12 205 321 2
13 733 849 2
14 933 1049 1
15 1024 1140 3
16 225 341 2
17 694 810 1
18 1312 1428 1
19 573 689 2
20 513 629 2
21 285 401 2
22 0 99 1
23 937 1053 3
24 797 913 2
25 1129 1245 2
26 1205 1321 3
27 461 577 1
28 540 656 1
29 1039 1155 3
