20
0 5 15 49 41 44 61 49 49 44 45 36 46 30 22 47 27 37 47 50
5 0 11 52 46 47 58 53 49 41 45 33 51 26 17 52 30 34 49 48
15 11 0 53 54 47 47 58 44 42 52 22 57 28 12 62 33 37 59 53
49 52 53 0 39 6 69 17 28 93 92 56 28 78 65 54 22 86 86 99
41 46 54 39 0 38 92 25 60 81 68 70 13 67 63 15 29 73 56 79
44 47 47 6 38 0 64 19 25 87 87 50 29 73 59 53 18 81 83 94
61 58 47 69 92 64 0 83 43 75 96 25 89 67 50 103 63 75 105 92
49 53 58 17 25 19 83 0 44 94 87 66 13 79 69 40 24 86 78 96
49 49 44 28 60 25 43 44 0 86 94 36 53 72 55 74 33 81 95 97
44 41 42 93 81 87 75 94 86 0 30 55 89 15 30 81 71 9 49 19
45 45 52 92 68 87 96 87 94 30 0 72 79 30 46 63 70 24 21 15
36 33 22 56 70 50 25 66 36 55 72 0 69 45 27 80 43 53 80 70
46 51 57 28 13 29 89 13 53 89 79 69 0 75 67 27 26 81 68 89
30 26 28 78 67 73 67 79 72 15 30 45 75 0 18 69 56 9 44 26
22 17 12 65 63 59 50 69 55 30 46 27 67 18 0 68 45 27 56 43
47 52 62 54 15 53 103 40 74 81 63 80 27 69 68 0 42 72 47 76
27 30 33 22 29 18 63 24 33 71 70 43 26 56 45 42 0 64 66 76
37 34 37 86 73 81 75 86 81 9 24 53 81 9 27 72 64 0 42 17
47 49 59 86 56 83 105 78 95 49 21 80 68 44 56 47 66 42 0 36
50 48 53 99 79 94 92 96 97 19 15 70 89 26 43 76 76 17 36 0
0 0 1414 0
1 771 919 2
2 849 997 2
3 374 522 3
4 984 1132 2
5 345 493 3
6 1068 1216 3
7 185 333 2
8 1119 1267 2
9 875 1023 2
10 620 768 1
11 543 691 3
12 0 134 3
13 761 909 3
14 48 196 3
15 676 824 2
16 797 945 3
17 272 420 2
18 454 602 2
19 89 237 2
