20
0 57 38 18 42 24 60 48 26 37 41 20 62 50 50 18 10 11 13 38
57 0 92 75 84 77 79 38 72 91 45 50 97 108 103 42 63 68 65 32
38 92 0 24 60 38 88 86 23 39 78 43 41 25 49 57 30 30 27 76
18 75 24 0 40 18 66 63 23 26 55 31 56 33 39 36 15 7 13 55
42 84 60 40 0 22 32 54 62 23 44 62 96 51 25 46 49 37 49 53
24 77 38 18 22 0 50 57 40 13 47 43 74 36 26 36 28 16 28 51
60 79 88 66 32 50 0 42 85 54 34 77 121 83 56 53 70 61 71 48
48 38 86 63 54 57 42 0 72 68 10 55 105 92 77 30 57 56 60 12
26 72 23 23 62 40 85 72 0 48 66 21 36 46 61 41 15 25 14 61
37 91 39 26 23 13 54 68 48 0 58 55 79 28 14 49 39 27 38 64
41 45 78 55 44 47 34 10 66 58 0 52 101 83 67 26 52 48 54 14
20 50 43 31 62 43 77 55 21 55 52 0 51 62 69 26 17 28 19 43
62 97 41 56 96 74 121 105 36 79 101 51 0 65 90 76 51 60 50 94
50 108 25 33 51 36 83 92 46 28 83 62 65 0 32 68 46 39 44 86
50 103 49 39 25 26 56 77 61 14 67 69 90 32 0 61 53 41 52 74
18 42 57 36 46 36 53 30 41 49 26 26 76 68 61 0 27 28 30 20
10 63 30 15 49 28 70 57 15 39 52 17 51 46 53 27 0 12 3 47
11 68 30 7 37 16 61 56 25 27 48 28 60 39 41 28 12 0 12 47
13 65 27 13 49 28 71 60 14 38 54 19 50 44 52 30 3 12 0 50
38 32 76 55 53 51 48 12 61 64 14 43 94 86 74 20 47 47 50 0
0 0 1232 0
1 790 920 3
2 451 581 1
3 664 794 1
4 592 722 1
5 690 820 3
6 874 1004 1
7 63 193 1
8 468 598 1
9 985 1115 3
10 377 507 3
11 733 863 2
12 160 290 2
13 516 646 2
14 0 124 3
15 919 1049 2
16 305 435 2
17 561 691 2
18 643 773 3
19 279 409 2
