20
0 45 29 47 6 57 46 33 29 48 28 47 49 44 43 54 56 18 48 42
45 0 51 60 51 93 75 78 66 19 53 19 89 89 49 45 38 38 66 45
29 51 0 76 28 83 24 46 20 43 58 42 72 51 70 33 38 15 19 68
47 60 76 0 50 44 92 61 74 75 19 75 49 75 12 93 91 62 94 16
6 51 28 50 0 55 42 27 24 53 32 52 46 38 48 56 58 20 45 47
57 93 83 44 55 0 88 44 71 102 41 101 14 53 54 111 112 75 98 57
46 75 24 92 42 88 0 45 18 66 73 64 75 43 89 49 57 38 16 87
33 78 46 61 27 44 45 0 29 80 44 79 30 13 64 78 83 45 57 65
29 66 20 74 24 71 18 29 0 61 56 60 58 31 72 52 58 28 28 71
48 19 43 75 53 102 66 80 61 0 64 1 96 88 65 27 20 35 54 61
28 53 58 19 32 41 73 44 56 64 0 64 40 58 20 78 77 45 76 21
47 19 42 75 52 101 64 79 60 1 64 0 95 87 65 26 19 34 53 61
49 89 72 49 46 14 75 30 58 96 40 95 0 38 56 102 104 66 86 59
44 89 51 75 38 53 43 13 31 88 58 87 38 0 77 83 89 54 57 78
43 49 70 12 48 54 89 64 72 65 20 65 56 77 0 85 82 56 89 4
54 45 33 93 56 111 49 78 52 27 78 26 102 83 85 0 9 36 34 81
56 38 38 91 58 112 57 83 58 20 77 19 104 89 82 9 0 38 42 78
18 38 15 62 20 75 38 45 28 35 45 34 66 54 56 36 38 0 34 53
48 66 19 94 45 98 16 57 28 54 76 53 86 57 89 34 42 34 0 87
42 45 68 16 47 57 87 65 71 61 21 61 59 78 4 81 78 53 87 0
0 0 1305 0
1 678 816 2
2 624 762 1
3 556 694 2
4 1062 1200 2
5 398 536 1
6 0 109 2
7 343 481 3
8 468 606 1
9 1009 1147 2
10 184 322 2
11 51 189 3
12 219 357 2
13 899 1037 3
14 298 436 2
15 799 937 2
16 992 1130 2
17 6 144 2
18 106 244 3
19 719 857 3
