20
0 20 34 50 44 69 15 56 56 59 34 24 50 63 34 15 51 18 68 48
20 0 42 70 64 84 19 43 49 45 14 14 46 77 40 30 34 6 83 38
34 42 0 61 46 94 23 46 35 50 54 53 83 39 68 48 51 44 46 78
50 70 61 0 17 42 59 101 94 105 83 69 79 55 56 44 99 66 55 85
44 64 46 17 0 59 50 90 81 93 78 67 83 38 61 44 90 62 39 87
69 84 94 42 59 0 83 125 124 127 93 77 68 97 50 55 118 79 98 80
15 19 23 59 50 83 0 43 41 46 33 30 61 58 48 30 40 22 64 56
56 43 46 101 90 125 43 0 19 4 43 56 86 84 83 70 16 49 90 74
56 49 35 94 81 124 41 19 0 23 54 63 95 68 87 71 33 55 75 85
59 45 50 105 93 127 46 4 23 0 43 57 86 88 84 72 14 50 94 74
34 14 54 83 78 93 33 43 54 43 0 16 43 91 45 41 30 16 97 31
24 14 53 69 67 77 30 56 63 57 16 0 32 86 29 26 44 9 92 25
50 46 83 79 83 68 61 86 95 86 43 32 0 111 23 40 73 41 115 15
63 77 39 55 38 97 58 84 68 88 91 86 111 0 91 71 90 78 7 110
34 40 68 56 61 50 48 83 87 84 45 29 23 91 0 21 73 34 95 31
15 30 48 44 44 55 30 70 71 72 41 26 40 71 21 0 63 25 75 43
51 34 51 99 90 118 40 16 33 14 30 44 73 90 73 63 0 39 97 60
18 6 44 66 62 79 22 49 55 50 16 9 41 78 34 25 39 0 84 34
68 83 46 55 39 98 64 90 75 94 97 92 115 7 95 75 97 84 0 115
48 38 78 85 87 80 56 74 85 74 31 25 15 110 31 43 60 34 115 0
0 0 1406 0
1 358 506 3
2 705 853 3
3 487 635 2
4 141 289 3
5 1074 1222 1
6 965 1113 1
7 232 380 2
8 566 714 2
9 0 135 3
10 934 1082 2
11 1011 1159 2
12 403 551 3
13 858 1006 1
14 417 565 1
15 319 467 2
16 761 909 2
17 343 491 1
18 645 793 1
19 54 202 1
