20
0 48 18 43 33 43 40 52 57 18 58 54 52 46 23 47 13 47 32 19
48 0 66 87 47 48 88 61 83 51 66 50 99 7 49 47 39 95 52 51
18 66 0 33 40 55 23 56 59 29 61 63 34 64 29 56 28 30 43 29
43 87 33 0 73 56 34 89 37 37 95 95 43 83 62 88 56 29 42 36
33 47 40 73 0 69 57 19 90 50 26 22 64 50 11 16 22 66 62 51
43 48 55 56 69 0 75 88 37 27 95 84 87 42 62 79 48 77 14 26
40 88 23 34 57 75 0 67 69 49 72 78 12 87 47 72 50 10 61 49
52 61 56 89 19 88 67 0 109 69 6 17 71 65 29 15 41 77 82 70
57 83 59 37 90 37 69 109 0 40 115 110 80 77 80 103 68 66 31 39
18 51 29 37 50 27 49 69 40 0 76 70 61 46 41 63 28 52 14 1
58 66 61 95 26 95 72 6 115 76 0 19 75 70 35 19 48 82 88 77
54 50 63 95 22 84 78 17 110 70 19 0 84 55 33 7 42 88 80 71
52 99 34 43 64 87 12 71 80 61 75 84 0 98 55 78 60 15 73 61
46 7 64 83 50 42 87 65 77 46 70 55 98 0 50 51 39 93 47 47
23 49 29 62 11 62 47 29 80 41 35 33 55 50 0 26 15 56 54 42
47 47 56 88 16 79 72 15 103 63 19 7 78 51 26 0 35 82 74 64
13 39 28 56 22 48 50 41 68 28 48 42 60 39 15 35 0 58 40 29
47 95 30 29 66 77 10 77 66 52 82 88 15 93 56 82 58 0 63 52
32 52 43 42 62 14 61 82 31 14 88 80 73 47 54 74 40 63 0 14
19 51 29 36 51 26 49 70 39 1 77 71 61 47 42 64 29 52 14 0
0 0 1034 0
1 0 93 3
2 281 389 3
3 542 650 2
4 181 289 1
5 400 508 1
6 588 696 1
7 797 905 1
8 94 202 3
9 423 531 1
10 798 906 2
11 687 795 1
12 572 680 3
13 354 462 3
14 472 580 1
15 712 820 1
16 745 853 1
17 599 707 2
18 254 362 1
19 48 156 3
