20
0 47 52 52 27 53 28 36 68 39 63 23 40 45 51 31 41 42 24 58
47 0 70 75 20 99 21 57 114 9 87 38 37 64 96 41 86 80 23 76
52 70 0 8 63 64 52 88 76 69 114 72 34 97 59 81 79 33 59 109
52 75 8 0 66 57 56 88 68 73 112 73 40 96 52 82 74 26 62 109
27 20 63 66 0 80 13 40 95 12 71 20 35 48 78 26 65 65 4 61
53 99 64 57 80 0 79 73 15 92 82 72 79 78 5 78 34 31 77 85
28 21 52 56 13 79 0 51 93 17 81 30 22 59 76 37 69 59 10 73
36 57 88 88 40 73 51 0 85 49 31 20 70 9 73 16 44 74 41 22
68 114 76 68 95 15 93 85 0 107 90 86 93 89 18 91 43 43 91 95
39 9 69 73 12 92 17 49 107 0 79 30 37 55 90 33 77 75 16 68
63 87 114 112 71 82 81 31 90 79 0 51 100 23 84 46 48 93 72 13
23 38 72 73 20 72 30 20 86 30 51 0 51 29 71 9 51 65 20 42
40 37 34 40 35 79 22 70 93 37 100 51 0 79 75 58 79 53 32 92
45 64 97 96 48 78 59 9 89 55 23 29 79 0 78 22 47 82 49 14
51 96 59 52 78 5 76 73 18 90 84 71 75 78 0 77 36 26 74 86
31 41 81 82 26 78 37 16 91 33 46 9 58 22 77 0 53 73 27 36
41 86 79 74 65 34 69 44 43 77 48 51 79 47 36 53 0 51 63 52
42 80 33 26 65 31 59 74 43 75 93 65 53 82 26 73 51 0 61 92
24 23 59 62 4 77 10 41 91 16 72 20 32 49 74 27 63 61 0 62
58 76 109 109 61 85 73 22 95 68 13 42 92 14 86 36 52 92 62 0
0 0 1415 0
1 0 225 1
2 431 731 1
3 786 1086 3
4 939 1239 2
5 1058 1358 3
6 646 946 1
7 169 469 2
8 85 385 2
9 269 569 3
10 903 1203 3
11 634 934 1
12 722 1022 3
13 587 887 1
14 63 363 1
15 0 170 3
16 342 642 1
17 479 779 3
18 418 718 3
19 3 303 3
