20
0 61 42 49 11 54 51 11 55 30 14 9 49 41 23 56 48 44 61 32
61 0 102 110 72 114 85 68 69 55 75 67 58 94 83 117 108 21 122 92
42 102 0 8 31 21 56 34 74 64 28 37 74 27 22 17 7 84 20 12
49 110 8 0 38 15 63 42 81 69 35 44 82 33 27 10 7 92 13 20
11 72 31 38 0 45 47 5 56 39 5 11 52 31 14 46 36 54 50 20
54 114 21 15 45 0 77 50 94 68 41 47 93 48 31 8 22 98 14 32
51 85 56 63 47 77 0 43 24 80 51 57 31 29 57 73 57 65 73 46
11 68 34 42 5 50 43 0 51 40 10 14 46 30 20 50 40 50 54 23
55 69 74 81 56 94 24 51 0 80 60 63 12 50 69 91 76 50 93 62
30 55 64 69 39 68 80 40 80 0 39 28 71 70 42 73 70 48 79 57
14 75 28 35 5 41 51 10 60 39 0 10 56 32 10 42 34 58 47 19
9 67 37 44 11 47 57 14 63 28 10 0 57 42 16 50 43 52 55 29
49 58 74 82 52 93 31 46 12 71 56 57 0 53 66 92 77 38 94 62
41 94 27 33 31 48 29 30 50 70 32 42 53 0 35 43 27 74 44 19
23 83 22 27 14 31 57 20 69 42 10 16 66 35 0 33 28 67 39 17
56 117 17 10 46 8 73 50 91 73 42 50 92 43 33 0 16 100 7 29
48 108 7 7 36 22 57 40 76 70 34 43 77 27 28 16 0 90 17 17
44 21 84 92 54 98 65 50 50 48 58 52 38 74 67 100 90 0 104 73
61 122 20 13 50 14 73 54 93 79 47 55 94 44 39 7 17 104 0 33
32 92 12 20 20 32 46 23 62 57 19 29 62 19 17 29 17 73 33 0
0 0 1116 0
1 570 806 2
2 262 498 1
3 792 1028 1
4 823 1059 3
5 206 442 2
6 635 871 1
7 737 973 3
8 349 585 2
9 711 947 1
10 234 470 3
11 233 469 2
12 8 244 2
13 0 145 1
14 123 359 2
15 163 399 2
16 422 658 2
17 549 785 2
18 104 340 1
19 0 181 1
